14
46
75
83
50
99
77
79
88
11
95
34
49
97
88
37
55
25
15
4
85
5
56
32
40
21
89
82
37
36
31
97
15
74
91
56
48
50
34
49
15
2
61
2
22
26
50
66
96
40
90
70
83
11
27
31
76
100
51
82
9
21
89
37
96
49
89
91
69
30
47
78
38
94
49
27
87
53
56
82
93
63
29
8
19
41
66
5
86
32
23
84
4
24
57
10
49
1
25
36
74
25
18
95
60
96
81
87
19
68
89
44
26
61
93
17
16
35
30
31
17
36
87
83
74
92
55
93
80
18
71
16
37
46
49
12
27
81
46
27
98
72
25
25
89
1
12
33
64
38
38
27
50
68
87
49
67
61
87
27
27
31
69
38
68
17
70
36
20
37
47
80
37
97
94
89
65
76
7
44
45
99
36
74
82
20
65
35
48
19
99
19
87
89
58
60
52
32
59
97
16
29
29
6
77
8
55
27
56
42
10
31
28
7
39
81
50
77
11
53
37
80
99
81
46
22
95
40
56
63
32
14
52
56
78
49
49
63
55
35
82
33
68
27
42
84
5
20
49
97
91
2
69
4
77
6
41
25
34
42
71
78
50
20
65
2
96
54
91
2
41
72
83
1
3
53
19
33
38
65
92
39
34
57
26
76
39
65
71
55
100
52
63
80
70
84
51
80
83
15
53
98
59
9
95
92
69
86
57
70
80
43
93
53
22
65
19
7
92
67
87
1
83
54
64
23
20
94
67
50
46
85
8
8
47
98
3
16
63
72
94
46
1
53
47
73
27
54
77
60
58
91
56
100
54
53
37
98
25
69
56
43
85
18
6
88
93
77
59
6
74
82
43
24
11
49
79
1
30
41
23
1
97
18
23
94
86
19
22
60
73
80
60
34
99
30
99
59
55
11
69
73
69
12
98
22
71
33
64
24
62
75
6
73
56
99
25
44
17
84
5
94
87
6
47
88
66
66
69
28
44
29
50
77
84
7
88
29
48
32
17
100
69
68
46
57
99
13
29
20
54
49
96
79
9
65
86
28
6
71
40
7
41
21
4
93
63
76
44
32
1
75
77
85
72
14
88
54
83
27
69
12
96
19
21
36
34
79
59
78
51
100
91
57
94
51
67
88
37
66
84
46
23
46
8
11
9
84
92
100
71
53
95
4
29
87
48
63
83
62
95
76
98
94
31
41
40
28
35
31
48
32
15
84
62
52
92
64
92
90
30
47
74
83
4
39
96
73
37
47
9
61
31
88
22
49
11
17
19
79
97
20
14
28
76
18
69
43
30
77
74
67
9
89
26
48
68
73
2
49
33
31
78
11
57
27
7
17
24
16
24
65
71
32
92
69
75
81
20
72
12
95
39
76
53
68
47
26
10
42
99
21
40
81
98
95
77
72
74
4
52
98
62
91
61
31
40
44
51
65
9
24
74
76
62
95
70
11
85
43
38
34
15
24
82
39
14
41
34
6
88
98
40
68
57
69
88
86
97
22
7
6
38
90
91
77
71
90
14
11
76
34
92
1
37
34
84
69
2
93
62
81
21
44
34
51
19
52
95
18
38
46
95
79
74
80
24
87
4
96
11
78
65
66
54
97
75
21
39
65
73
79
85
31
97
50
44
1
7
58
71
92
81
27
98
19
53
19
11
84
87
32
55
70
34
27
86
51
4
93
27
87
8
100
60
67
31
76
96
59
71
20
24
95
63
47
69
22
70
41
76
92
87
29
89
40
39
96
51
64
35
64
70
19
30
89
24
16
72
57
88
84
95
6
92
24
100
58
95
89
50
85
42
30
72
9
46
33
19
85
52
43
40
69
59
55
72
29
49
22
43
30
2
69
97
52
93
13
83
95
75
70
3
76
93
36
39
24
55
60
27
20
15
90
73
73
43
51
55
36
47
43
55
54
39
67
38
62
32
62
12
2
49
84
44
100
90
97
43
36
93
8
48
50
34
25
52
81
77
17
58
8
73
57
6
69
34
17
22
74
12
28
89
9
90
37
15
85
71
80
94
59
95
99
27
73
11
87
87
14
39
46
59
55
67
4
3
28
34
38
15
88
44
46
29
55
88
18
83
65
44
6
12
95
26
57
58
72
71
75
89
39
20
83
19
74
36
13
26
92
38
66
88
75
52
72
1
53
39
14
57
27
53
82
71
81
85
11
42
4
21
9
5
99
93
64
7
30
77
67
17
19
39
69
14
30
95
30
48
27
61
30
79
78
12
83
62
42
68
82
71
73
62
73
43
70
94
47
98
95